30,874407.84295,7384934.84373,1591133,5872,4.9816,5.0087,4.0647
30,1197017.78823,7387326.32662,1591091,5914,4.9815,4.9975,4.0955
30,1638734.54301,7388815.82080,1591016,5989,4.9812,4.8575,3.9573
30,2244156.14297,7394696.57579,1590945,6060,4.9810,4.5464,3.6215
30,3073616.42241,7399767.60691,1590708,6297,4.9803,3.1290,2.2085
30,4209590.88180,7402777.02564,1590405,6600,4.9793,4.2224,3.3110
30,5764238.26859,7402636.92713,1589832,7173,4.9775,3.8856,3.0130
30,7888728.87192,7397217.48861,1588925,8080,4.9747,3.2767,2.3635
30,7888728.87192,7397217.48861,1588925,8080,4.9747,3.2725,2.3534
30,14675206.26319,7337603.13215,1584186,12819,4.9599,2.0948,1.1978
30,57875.48110,442624.83778,95823,16929,4.2493,4.1200,3.9466
30,77830.56597,442075.18307,95463,17289,4.2333,5.0099,4.8235
30,104780.75499,441078.86245,95020,17732,4.2137,4.0593,3.8938
30,141213.67414,440157.77258,94521,18231,4.1915,4.3205,4.1368
30,190383.89388,438585.73453,93937,18815,4.1656,2.1416,1.9644
30,256834.99782,437294.33924,93307,19445,4.1377,3.1760,3.0111
30,346200.56420,434862.43742,92486,20266,4.1013,2.6234,2.4589
30,465692.24623,430917.33543,91390,21362,4.0527,2.3597,2.1862
30,465692.24623,430917.33543,91390,21362,4.0527,2.2101,2.0419
30,791489.83967,395744.91977,85336,27416,3.7842,0.6399,0.4750
30,1904110.56853,16054720.49217,3462802,15570,4.9776,11.1207,9.2204
30,2606042.37527,16058677.42045,3462732,15640,4.9775,11.5264,9.6122
30,3566863.18694,16060713.62852,3462244,16128,4.9768,11.0117,9.1927
30,4883360.04275,16072006.88073,3461740,16632,4.9761,11.0435,9.1621
30,6686203.62312,16080275.52451,3460848,17524,4.9748,7.1321,5.1039
30,9154429.30880,16084684.67023,3459596,18776,4.9730,9.7245,7.7762
30,12529764.32691,16079922.91233,3457845,20527,4.9705,8.7363,6.6660
30,17138987.25705,16063122.33929,3455336,23036,4.9669,7.6819,5.7315
30,17138987.25705,16063122.33929,3455336,23036,4.9669,7.4394,5.5249
30,31808987.71270,15904493.85626,3440721,37651,4.9459,4.5294,2.6376
30,1353411.88817,11645332.84811,2457555,9202,4.9813,11.9074,10.1590
30,1856527.07639,11647841.17763,2457350,9407,4.9809,11.7748,9.9943
30,2546785.44949,11649684.54231,2457077,9680,4.9804,11.4131,9.6348
30,3494526.10039,11656687.51770,2456550,10207,4.9793,10.7044,8.9583
30,4795385.22418,11662534.07144,2456084,10673,4.9784,7.0858,5.4109
30,6580331.46237,11665657.33295,2455094,11663,4.9764,9.7525,7.9535
30,9028159.32352,11664730.96505,2453864,12893,4.9739,8.7098,6.8574
30,12379898.95732,11655721.99307,2452043,14714,4.9702,7.6340,5.7950
30,12379898.95732,11655721.99307,2452043,14714,4.9702,8.8615,7.0737
30,23083706.91648,11541853.45849,2441190,25567,4.9482,4.1073,2.3971
30,1511990.22894,12956868.45859,2743366,13694,4.9752,15.2742,12.7229
30,2073078.44582,12958934.48474,2742979,14081,4.9745,16.0948,13.5352
30,2842456.75078,12959912.97643,2742433,14627,4.9735,16.2039,13.4773
30,3898305.91253,12967160.68283,2741489,15571,4.9718,14.0133,11.6184
30,5346502.28048,12971850.62377,2740168,16892,4.9694,9.5691,6.7273
30,7331364.04838,12970812.34271,2738433,18627,4.9662,14.4001,11.0915
30,10048720.92790,12961651.89315,2735696,21364,4.9613,11.8483,9.0038
30,13760268.61244,12938976.13644,2731807,25253,4.9542,10.0515,7.2500
30,13760268.61244,12938976.13644,2731807,25253,4.9542,10.7243,7.4048
30,25444573.54703,12722286.77336,2708531,48529,4.9120,6.3559,2.9818
30,2147861.64548,18588331.00525,3902869,9116,4.9883,19.5276,16.1243
30,2948414.47743,18593984.96887,3902728,9257,4.9882,19.8674,16.4043
30,4047673.65596,18599831.08866,3902679,9306,4.9881,21.8365,18.3363
30,5558119.78548,18612963.10945,3902516,9469,4.9879,18.5894,15.1391
30,7633723.25888,18627633.17278,3902582,9403,4.9880,12.1768,8.8524
30,10485054.49081,18639089.40798,3902240,9745,4.9875,16.5408,13.2805
30,14400440.90372,18645322.50386,3901528,10457,4.9866,15.0875,11.6385
30,19771622.06823,18642376.15136,3900362,11623,4.9851,13.0775,9.6082
30,19771622.06823,18642376.15136,3900362,11623,4.9851,13.0969,9.5627
30,37015361.08135,18507680.54105,3891179,20806,4.9734,7.1424,3.8445
30,1536871.52282,6339696.80015,1677241,3565639,1.5995,18.0123,15.5593
30,1901108.76842,6345828.66871,1669699,3573181,1.5923,17.9868,15.5956
30,2363657.01641,6347444.46450,1661002,3581878,1.5841,18.7617,16.3570
30,2948327.20209,6349208.63365,1650367,3592513,1.5739,18.7240,16.3150
30,3694766.27238,6369172.42444,1636721,3606159,1.5609,13.0940,10.6505
30,4653438.71546,6407683.11239,1614707,3628173,1.5399,16.6003,14.2201
30,5890923.40683,6415569.65161,1584644,3658236,1.5112,15.0684,12.5425
30,7473941.08638,6362170.86123,1543298,3699582,1.4718,15.0886,12.6387
30,7473941.08638,6362170.86123,1543298,3699582,1.4718,13.1261,10.7805
30,11144092.50138,5572046.25092,1353618,3889262,1.2909,8.5730,6.0861
30,2656113.07175,19235624.50951,4515235,936662,4.1410,32.8298,29.3356
30,3557403.23447,19219167.07403,4504206,947691,4.1309,34.2898,30.6344
30,4768331.49511,19195514.65881,4491701,960196,4.1194,33.2302,29.4675
30,6398077.96381,19181371.38115,4478064,973833,4.1069,30.8738,27.3158
30,8589489.46129,19153209.51797,4463039,988858,4.0931,19.7969,16.1386
30,11533086.21967,19107977.80702,4444705,1007192,4.0763,27.0036,23.4611
30,15481554.20235,19038291.29150,4422050,1029847,4.0555,25.0229,21.3569
30,20755822.15368,18925844.76574,4392787,1059110,4.0287,20.3476,16.8540
30,20755822.15368,18925844.76574,4392787,1059110,4.0287,20.1376,17.3287
30,36124180.29139,18062090.14659,4252542,1199355,3.9001,10.0233,7.0770
30,1617032.51911,6837468.32764,1790782,3452093,1.7078,20.9916,18.7917
30,2006083.97740,6843552.19333,1781934,3460941,1.6994,21.9591,19.7241
30,2501387.55148,6844088.96704,1771801,3471074,1.6897,22.1376,19.8012
30,3129011.64166,6844421.33664,1759737,3483138,1.6782,21.8849,19.7302
30,3931797.48458,6862672.70488,1744454,3498421,1.6636,15.4615,13.2181
30,4964275.07296,6900246.52137,1720290,3522585,1.6406,19.9940,17.6001
30,6296689.08964,6902760.02055,1687083,3555792,1.6089,17.6490,15.2227
30,8002879.92805,6839591.16070,1642254,3600621,1.5662,16.2876,13.6796
30,8002879.92805,6839591.16070,1642254,3600621,1.5662,15.7044,13.5330
30,11925301.69862,5962650.84906,1435053,3807822,1.3686,10.4530,7.5668
30,2824011.11944,21967823.89984,4929621,313259,4.7013,50.5421,45.6096
30,3818328.01611,21948973.88420,4918235,324645,4.6904,53.4091,48.4027
30,5165001.79661,21923915.78551,4905673,337207,4.6784,51.3049,46.2708
30,6989932.98964,21899745.45730,4890324,352556,4.6638,47.7785,42.9178
30,9461979.44722,21864714.30255,4874290,368590,4.6485,32.4677,27.4870
30,12807035.19936,21813643.51067,4855869,387011,4.6309,41.5380,36.5459
30,17326724.66356,21739506.03418,4834119,408761,4.6102,37.4447,32.6094
30,23414851.44347,21628130.80841,4808116,434764,4.5854,31.4219,26.3430
30,23414851.44347,21628130.80841,4808116,434764,4.5854,31.7471,27.1698
30,42009250.79588,21004625.39705,4723310,519570,4.5045,14.8665,11.1015
30,10144783.55804,40198024.78568,10905782,17254348,1.9364,83.3548,75.6114
30,12480417.45818,40231906.06451,10876049,17284081,1.9311,81.1015,73.5298
30,15442155.76642,40249464.58941,10842711,17317419,1.9252,79.8579,72.8035
30,19198035.93365,40274406.87809,10804039,17356091,1.9183,75.9117,68.6125
30,23998286.35226,40366155.24682,10756768,17403362,1.9099,49.7531,42.8004
30,30173467.63194,40550728.60070,10681775,17478355,1.8966,67.2000,60.2419
30,38161565.93323,40648371.70764,10576229,17583901,1.8779,60.2100,53.5240
30,48484176.72275,40540225.99133,10431852,17728278,1.8522,51.4485,44.5123
30,48484176.72275,40540225.99133,10431852,17728278,1.8522,51.6246,44.2525
30,76983373.66845,38491686.83434,9846123,18314007,1.7482,25.1939,18.5721
30,38105610.46650,307364254.37446,68625520,1358480,4.9029,153.4508,127.7860
30,51877007.26535,307413969.19756,68614709,1369291,4.9022,153.3103,127.2764
30,70632316.77302,307433245.45728,68600764,1383236,4.9012,154.3442,128.0444
30,96197045.85931,307590412.24767,68581859,1402141,4.8998,149.7921,123.6718
30,131035640.01871,307721433.39349,68556330,1427670,4.8980,101.3553,75.0567
30,178497407.62993,307772039.45079,68525230,1458770,4.8958,134.6804,108.1440
30,243105184.34396,307671571.88754,68482910,1501090,4.8928,127.7371,101.1297
30,330932583.89103,307342265.98567,68426889,1557111,4.8888,112.5463,86.2019
30,330932583.89103,307342265.98567,68426889,1557111,4.8888,105.5994,80.9909
30,610228717.79306,305114358.89505,68197381,1786619,4.8724,73.5309,48.8406
