1.29104e+07
1.34136e+07
1.33778e+07
1.3054e+07
1.31538e+07
1.27313e+07
1.30576e+07
1.29764e+07
1.30008e+07
1.28313e+07
1.3307e+07
1.28964e+07
1.27164e+07
1.27526e+07
1.29339e+07
1.32803e+07
1.30464e+07
1.31648e+07
1.30658e+07
1.30151e+07
1.30109e+07
1.30591e+07
1.2543e+07
1.28459e+07
1.31346e+07
1.28879e+07
1.27909e+07
1.31153e+07
1.28151e+07
1.23439e+07
1.24775e+07
1.28243e+07
1.27664e+07
1.27184e+07
1.27708e+07
1.29289e+07
1.28784e+07
1.29144e+07
1.26373e+07
1.30755e+07
1.27581e+07
1.29539e+07
1.26981e+07
1.26498e+07
1.26686e+07
1.30507e+07
1.28173e+07
1.21762e+07
1.28518e+07
1.27681e+07
1.26614e+07
1.24955e+07
1.29486e+07
1.27735e+07
1.26176e+07
1.27591e+07
1.27688e+07
1.20685e+07
1.23691e+07
1.26264e+07
1.25207e+07
1.26697e+07
1.24359e+07
1.20033e+07
1.24034e+07
1.21958e+07
1.23934e+07
1.29041e+07
1.25846e+07
1.29013e+07
1.27027e+07
1.20664e+07
1.2425e+07
1.24314e+07
1.24249e+07
1.22803e+07
1.25017e+07
1.22777e+07
1.19734e+07
1.18476e+07
1.21074e+07
1.19883e+07
1.21449e+07
1.26843e+07
1.243e+07
1.24124e+07
1.27081e+07
1.17968e+07
1.21712e+07
1.2023e+07
1.20129e+07
1.20808e+07
1.23896e+07
1.23997e+07
1.22443e+07
1.15631e+07
1.21579e+07
1.26856e+07
1.20694e+07
1.22651e+07
1.18975e+07
1.17054e+07
1.24257e+07
1.2406e+07
1.21469e+07
1.17351e+07
1.21953e+07
1.23958e+07
1.21446e+07
1.25461e+07
1.20725e+07
1.19458e+07
1.24539e+07
1.13612e+07
1.13603e+07
1.23649e+07
1.18191e+07
1.2211e+07
1.24467e+07
1.24664e+07
1.22329e+07
1.1465e+07
1.22998e+07
1.18525e+07
1.15976e+07
1.20571e+07
1.16637e+07
1.15891e+07
1.22058e+07
1.19805e+07
1.19018e+07
1.17067e+07
1.18113e+07
1.1776e+07
1.16088e+07
1.1453e+07
1.1646e+07
1.17815e+07
1.20868e+07
1.16756e+07
1.11808e+07
1.20117e+07
1.1851e+07
1.15639e+07
1.17599e+07
1.2117e+07
1.1602e+07
1.17652e+07
1.13399e+07
1.19148e+07
1.15493e+07
1.15214e+07
1.16416e+07
1.1688e+07
1.16856e+07
1.16398e+07
1.13937e+07
1.17658e+07
1.1509e+07
1.15247e+07
1.14845e+07
1.14073e+07
1.15368e+07
1.17581e+07
1.19543e+07
1.14434e+07
1.16892e+07
1.18432e+07
1.17325e+07
1.14924e+07
1.11593e+07
1.11924e+07
1.12727e+07
1.13634e+07
1.1694e+07
1.21404e+07
1.18366e+07
1.12024e+07
1.18704e+07
1.16538e+07
1.15517e+07
1.15255e+07
1.11596e+07
1.20895e+07
1.08621e+07
1.12734e+07
1.13325e+07
1.09049e+07
1.10902e+07
1.10951e+07
1.1133e+07
1.15276e+07
1.15512e+07
1.11118e+07
1.13606e+07
1.05247e+07
1.12236e+07
1.13249e+07
1.13394e+07
1.10995e+07
1.08274e+07
1.09057e+07
1.08185e+07
1.11127e+07
1.06678e+07
1.15671e+07
1.08921e+07
1.10071e+07
1.07398e+07
1.15292e+07
1.10611e+07
1.12186e+07
1.0961e+07
1.07141e+07
1.13423e+07
1.07231e+07
1.09569e+07
1.07827e+07
1.08957e+07
1.03238e+07
1.09148e+07
1.0008e+07
1.08513e+07
1.11132e+07
1.07659e+07
1.0931e+07
1.07103e+07
1.05034e+07
1.0638e+07
1.07607e+07
1.10132e+07
1.10412e+07
1.07592e+07
1.1054e+07
1.07308e+07
1.04413e+07
1.08899e+07
1.04035e+07
1.05082e+07
1.07437e+07
1.02134e+07
1.13081e+07
1.08102e+07
1.10287e+07
1.02848e+07
1.04708e+07
1.0606e+07
1.03429e+07
1.03584e+07
1.01296e+07
1.04549e+07
1.09983e+07
1.06728e+07
1.09254e+07
1.03627e+07
1.02173e+07
1.03504e+07
1.0679e+07
1.00665e+07
1.00933e+07
1.03074e+07
1.05358e+07
1.04439e+07
1.07459e+07
9.92237e+06
1.03369e+07
1.00402e+07
9.89172e+06
1.03976e+07
9.79989e+06
1.00444e+07
1.00665e+07
1.05172e+07
1.01975e+07
9.79838e+06
1.04233e+07
1.05926e+07
1.04696e+07
9.61655e+06
1.02738e+07
1.00379e+07
1.00953e+07
9.6858e+06
1.04672e+07
1.09343e+07
1.0241e+07
9.97947e+06
1.06524e+07
1.00802e+07
9.45443e+06
1.03808e+07
9.99392e+06
9.57625e+06
9.95937e+06
9.88625e+06
1.00016e+07
9.78575e+06
9.98772e+06
9.69567e+06
9.88977e+06
1.03673e+07
1.02682e+07
1.05714e+07
9.74963e+06
9.66575e+06
1.00178e+07
9.4788e+06
9.19962e+06
9.55745e+06
9.75214e+06
9.97248e+06
9.61189e+06
1.01505e+07
9.68062e+06
9.7285e+06
1.02691e+07
9.21178e+06
1.01404e+07
9.70232e+06
1.00123e+07
9.4273e+06
9.81698e+06
9.20138e+06
9.59561e+06
9.19856e+06
1.01394e+07
9.9797e+06
9.46131e+06
9.16716e+06
9.84843e+06
9.72933e+06
9.33173e+06
9.62681e+06
9.5396e+06
9.35605e+06
9.23694e+06
9.73015e+06
9.50812e+06
9.61588e+06
9.76879e+06
9.61356e+06
9.11896e+06
9.65924e+06
9.54292e+06
8.96843e+06
9.86418e+06
9.45269e+06
9.82821e+06
9.7021e+06
8.73338e+06
8.88625e+06
9.94073e+06
9.41954e+06
1.01845e+07
8.67862e+06
9.93402e+06
9.75355e+06
9.92323e+06
9.24386e+06
9.17202e+06
8.73696e+06
9.70155e+06
8.60244e+06
9.77034e+06
8.93284e+06
8.87485e+06
8.89317e+06
9.3812e+06
9.02623e+06
9.29228e+06
9.26998e+06
9.48302e+06
9.1086e+06
9.07368e+06
8.84481e+06
8.63572e+06
8.24247e+06
9.24035e+06
1.04268e+07
8.8854e+06
9.37488e+06
9.00448e+06
8.55672e+06
8.73134e+06
8.87429e+06
9.4271e+06
8.15441e+06
8.85756e+06
8.96905e+06
9.0779e+06
8.66548e+06
9.63038e+06
8.82862e+06
8.74432e+06
9.30843e+06
8.93356e+06
8.59484e+06
8.18339e+06
8.30045e+06
9.31332e+06
9.5186e+06
9.18541e+06
8.79926e+06
8.68134e+06
8.27093e+06
8.49886e+06
8.72454e+06
8.86062e+06
8.19836e+06
8.9496e+06
8.59524e+06
8.96945e+06
8.69906e+06
8.44435e+06
8.42233e+06
8.57002e+06
8.37921e+06
8.75934e+06
8.138e+06
8.14955e+06
8.43532e+06
8.57948e+06
8.13896e+06
8.12371e+06
8.1383e+06
8.4017e+06
8.42939e+06
7.97324e+06
8.31739e+06
8.97605e+06
8.1178e+06
7.60962e+06
8.54965e+06
8.03368e+06
8.15238e+06
8.45638e+06
8.15387e+06
8.4235e+06
7.74064e+06
8.62392e+06
7.81282e+06
8.05727e+06
8.44347e+06
7.78514e+06
8.3182e+06
7.7629e+06
7.63931e+06
8.22507e+06
8.43505e+06
8.13326e+06
7.64998e+06
7.64329e+06
7.66478e+06
7.96436e+06
7.54024e+06
8.2532e+06
7.99291e+06
8.27053e+06
7.77996e+06
7.19022e+06
7.56241e+06
8.07715e+06
7.65583e+06
7.93402e+06
8.23793e+06
7.9959e+06
7.97934e+06
7.90048e+06
7.70996e+06
6.62461e+06
7.5592e+06
7.35324e+06
8.18482e+06
7.56916e+06
7.31723e+06
8.08806e+06
7.7443e+06
7.80643e+06
7.49026e+06
7.59439e+06
8.20059e+06
8.4013e+06
7.77009e+06
7.3004e+06
7.43472e+06
6.97755e+06
7.49989e+06
7.20021e+06
7.73438e+06
6.83713e+06
6.8462e+06
7.02293e+06
7.68389e+06
8.25776e+06
6.9652e+06
7.61885e+06
7.69295e+06
6.83131e+06
7.53612e+06
7.25734e+06
7.51933e+06
7.7847e+06
7.20133e+06
7.32976e+06
8.16057e+06
7.06382e+06
6.95636e+06
8.05604e+06
7.08548e+06
7.63454e+06
7.73141e+06
7.7283e+06
6.36079e+06
7.47849e+06
7.36096e+06
7.2219e+06
7.45911e+06
7.72361e+06
6.29106e+06
7.27524e+06
6.96143e+06
7.60697e+06
7.44426e+06
7.30059e+06
7.8136e+06
7.27948e+06
6.98602e+06
6.71355e+06
6.79979e+06
6.46743e+06
6.78881e+06
7.22324e+06
6.42649e+06
7.59147e+06
6.57023e+06
6.46488e+06
7.09614e+06
6.75474e+06
6.84752e+06
6.13551e+06
6.75653e+06
6.5283e+06
7.2892e+06
6.65198e+06
7.6752e+06
7.26471e+06
7.10416e+06
6.58598e+06
7.07193e+06
6.8564e+06
6.17236e+06
6.9113e+06
6.53403e+06
7.16042e+06
6.56497e+06
7.86258e+06
6.65893e+06
5.61557e+06
7.18991e+06
6.14424e+06
6.58868e+06
6.1209e+06
6.061e+06
6.45966e+06
6.30579e+06
6.25458e+06
7.2856e+06
6.69569e+06
6.59546e+06
6.26497e+06
6.24357e+06
6.18347e+06
6.49803e+06
6.88266e+06
6.59741e+06
6.17891e+06
7.0448e+06
7.07014e+06
5.8013e+06
6.43045e+06
6.31812e+06
5.83988e+06
6.07858e+06
5.86477e+06
5.95814e+06
6.55225e+06
6.2249e+06
6.64078e+06
6.21901e+06
6.61386e+06
6.25711e+06
6.30493e+06
6.20177e+06
6.59565e+06
5.39298e+06
6.4783e+06
6.56157e+06
6.78301e+06
6.07822e+06
6.08645e+06
5.73888e+06
6.03659e+06
6.56453e+06
6.26718e+06
5.80909e+06
5.11847e+06
6.61486e+06
6.42624e+06
5.99668e+06
6.63654e+06
5.78478e+06
5.53472e+06
6.28981e+06
5.99269e+06
6.35211e+06
6.15139e+06
5.92537e+06
5.66437e+06
6.57538e+06
5.93257e+06
5.77313e+06
6.00542e+06
5.84691e+06
5.93999e+06
5.91896e+06
5.93582e+06
5.57728e+06
5.10903e+06
5.83272e+06
5.78982e+06
5.61997e+06
5.6242e+06
6.12865e+06
5.88239e+06
5.50469e+06
5.64314e+06
6.17925e+06
5.78367e+06
5.42391e+06
5.27889e+06
6.41482e+06
5.31562e+06
5.75913e+06
5.92133e+06
5.14329e+06
5.16702e+06
5.4221e+06
5.68984e+06
5.51078e+06
6.16123e+06
5.0923e+06
5.87987e+06
5.11646e+06
6.5656e+06
5.54139e+06
5.9771e+06
5.53215e+06
5.96312e+06
5.63601e+06
5.79375e+06
5.83867e+06
5.74534e+06
5.8613e+06
6.4026e+06
6.07037e+06
5.19668e+06
4.98029e+06
5.08462e+06
4.77511e+06
5.01929e+06
5.96014e+06
5.79139e+06
5.5159e+06
5.13978e+06
5.00255e+06
5.07539e+06
5.3704e+06
5.03694e+06
4.8829e+06
5.03334e+06
5.26557e+06
5.76443e+06
4.92164e+06
5.72741e+06
4.47251e+06
5.29781e+06
5.32357e+06
5.81171e+06
5.18764e+06
5.87967e+06
4.97108e+06
5.02493e+06
5.38425e+06
4.62209e+06
5.1873e+06
4.57501e+06
5.60424e+06
5.10621e+06
4.74673e+06
5.18239e+06
5.26261e+06
4.7611e+06
5.22025e+06
4.65071e+06
4.71384e+06
5.40877e+06
5.46662e+06
4.79222e+06
5.41579e+06
4.4205e+06
4.95602e+06
4.82089e+06
4.8042e+06
4.98474e+06
5.59126e+06
5.55826e+06
5.28716e+06
4.94277e+06
5.67082e+06
5.17081e+06
4.64474e+06
4.64074e+06
5.3851e+06
5.2871e+06
4.10843e+06
3.97412e+06
5.74862e+06
4.03553e+06
5.14663e+06
4.88518e+06
4.69737e+06
5.43478e+06
4.26993e+06
4.7361e+06
4.90248e+06
4.87951e+06
4.03025e+06
4.8056e+06
4.82339e+06
4.52074e+06
5.00291e+06
5.55571e+06
5.12584e+06
3.91653e+06
4.82117e+06
3.81012e+06
4.65661e+06
4.49038e+06
5.07404e+06
5.15176e+06
4.664e+06
3.62754e+06
4.97369e+06
4.05186e+06
4.74656e+06
4.65377e+06
4.7017e+06
5.29751e+06
4.32247e+06
4.15346e+06
4.5747e+06
4.4482e+06
4.41613e+06
3.67886e+06
4.28452e+06
4.6652e+06
4.03533e+06
4.52729e+06
3.78769e+06
4.1655e+06
5.12121e+06
4.62088e+06
3.95756e+06
4.47152e+06
4.59831e+06
3.86808e+06
4.4876e+06
3.76941e+06
4.42461e+06
3.73841e+06
4.73892e+06
5.04323e+06
4.28712e+06
4.75872e+06
4.59577e+06
4.5086e+06
3.72413e+06
3.85822e+06
4.39871e+06
4.30634e+06
4.077e+06
4.68753e+06
4.5149e+06
3.95403e+06
4.48661e+06
3.67634e+06
4.48017e+06
4.23208e+06
3.79124e+06
4.12564e+06
3.86755e+06
4.7982e+06
4.06597e+06
4.12762e+06
4.25586e+06
4.42555e+06
4.09321e+06
3.91992e+06
4.65668e+06
4.11207e+06
3.85001e+06
3.56709e+06
4.03946e+06
4.08732e+06
3.69442e+06
3.97833e+06
4.45266e+06
4.17925e+06
4.39764e+06
4.10178e+06
3.99e+06
4.42521e+06
3.75124e+06
4.1188e+06
5.1027e+06
3.88419e+06
3.03254e+06
3.75552e+06
4.2493e+06
3.77146e+06
4.32214e+06
3.60538e+06
3.94653e+06
4.07417e+06
3.50783e+06
3.83997e+06
4.19523e+06
4.18852e+06
4.36081e+06
3.59784e+06
3.38764e+06
3.17148e+06
3.88656e+06
4.03339e+06
4.09088e+06
4.01403e+06
3.54907e+06
3.65895e+06
3.96488e+06
3.61133e+06
3.89637e+06
3.58384e+06
4.42305e+06
3.58028e+06
4.12975e+06
3.1959e+06
4.60259e+06
3.57428e+06
3.96719e+06
3.70002e+06
3.35795e+06
3.72768e+06
2.96154e+06
4.03914e+06
3.4781e+06
3.39216e+06
3.40055e+06
3.66938e+06
3.65428e+06
3.59703e+06
3.44139e+06
3.5906e+06
3.76002e+06
3.5385e+06
3.46873e+06
3.90668e+06
3.01686e+06
3.78901e+06
2.93783e+06
3.28974e+06
2.6762e+06
4.06517e+06
3.34925e+06
3.30634e+06
3.02496e+06
2.9236e+06
3.32342e+06
3.63362e+06
4.21982e+06
3.57967e+06
3.33878e+06
3.00316e+06
4.06151e+06
3.44436e+06
3.80762e+06
2.93239e+06
3.14175e+06
3.88582e+06
3.8767e+06
3.49524e+06
3.3065e+06
3.37764e+06
3.4198e+06
2.59189e+06
3.09851e+06
3.84834e+06
2.87529e+06
2.84205e+06
3.29532e+06
3.84701e+06
3.21195e+06
3.44391e+06
3.02781e+06
3.73217e+06
3.6479e+06
2.9998e+06
3.5539e+06
3.02622e+06
3.55554e+06
2.68351e+06
2.98958e+06
2.60082e+06
3.04533e+06
2.94521e+06
2.62571e+06
3.12923e+06
3.73991e+06
2.8328e+06
3.03765e+06
2.97042e+06
2.37778e+06
2.68244e+06
2.99439e+06
3.71768e+06
2.80471e+06
3.44629e+06
2.93895e+06
2.83812e+06
3.0955e+06
4.32611e+06
2.61991e+06
3.09045e+06
3.43747e+06
2.76221e+06
2.49264e+06
2.9769e+06
2.69541e+06
2.60131e+06
3.05904e+06
2.79411e+06
2.8632e+06
2.79024e+06
2.7645e+06
2.75612e+06
3.64327e+06
3.28296e+06
2.66845e+06
2.34309e+06
3.22821e+06
3.75011e+06
2.72026e+06
3.3503e+06
3.08924e+06
2.59865e+06
2.27906e+06
2.24448e+06
3.33507e+06
2.6438e+06
2.35559e+06
2.26174e+06
2.69777e+06
3.72091e+06
3.26334e+06
2.6605e+06
3.25183e+06
3.0684e+06
2.37762e+06
2.72795e+06
2.96063e+06
2.45947e+06
3.40421e+06
2.79947e+06
3.08065e+06
3.74145e+06
2.66672e+06
2.64034e+06
2.62404e+06
3.02883e+06
2.96443e+06
3.13036e+06
2.56074e+06
2.57336e+06
2.69908e+06
2.91103e+06
2.7364e+06
2.78042e+06
3.25283e+06
2.5159e+06
3.28817e+06
3.18363e+06
2.99197e+06
2.48466e+06
2.51028e+06
2.55107e+06
3.01827e+06
2.59847e+06
2.5194e+06
3.371e+06
2.20068e+06
2.67376e+06
2.40027e+06
2.6942e+06
2.14278e+06
3.22119e+06
2.48758e+06
2.13284e+06
2.92035e+06
3.0808e+06
1.88575e+06
2.39518e+06
2.16585e+06
2.43938e+06
2.49451e+06
2.14438e+06
2.48277e+06
2.67306e+06
2.28682e+06
2.27283e+06
2.82499e+06
2.11532e+06
2.43883e+06
2.27654e+06
2.04689e+06
2.44664e+06
1.91644e+06
2.81138e+06
3.01918e+06
2.13798e+06
2.29042e+06
3.20351e+06
2.44425e+06
2.22644e+06
1.98315e+06
2.3079e+06
2.41563e+06
2.7191e+06
1.96803e+06
1.61659e+06
2.16748e+06
2.14786e+06
2.0498e+06
2.04616e+06
3.29649e+06
2.82257e+06
2.63868e+06
3.02763e+06
2.87531e+06
2.55984e+06
2.35172e+06
2.64876e+06
2.26774e+06
2.33441e+06
2.0538e+06
2.5156e+06
1.87465e+06
2.1402e+06
2.40061e+06
2.48158e+06
2.25123e+06
2.35256e+06
2.74933e+06
2.5597e+06
2.04952e+06
2.06859e+06
2.99969e+06
2.06198e+06
1.98943e+06
2.21292e+06
2.15822e+06
2.36955e+06
2.32179e+06
2.31872e+06
2.17808e+06
2.17345e+06
2.91543e+06
2.4513e+06
2.33004e+06
2.01619e+06
1.85071e+06
2.10696e+06
1.72395e+06
2.54406e+06
2.54601e+06
2.69631e+06
1.97619e+06
1.73263e+06
2.96564e+06
2.83378e+06
2.37022e+06
1.93096e+06
1.66972e+06
2.60039e+06
2.10352e+06
2.28443e+06
2.01986e+06
1.81408e+06
1.84178e+06
1.98129e+06
2.28545e+06
2.68974e+06
2.41099e+06
2.11301e+06
2.06096e+06
1.91456e+06
1.67531e+06
1.92222e+06
2.57842e+06
1.69764e+06
2.33996e+06
2.2373e+06
1.93235e+06
2.19849e+06
1.80976e+06
1.98897e+06
1.92455e+06
2.19972e+06
2.7489e+06
1.74972e+06
2.2702e+06
2.08866e+06
2.27101e+06
2.489e+06
2.31434e+06
1.85739e+06
2.00013e+06
2.63978e+06
2.18344e+06
2.44079e+06
2.68053e+06
2.08228e+06
2.25877e+06
2.42486e+06
1.91091e+06
2.07698e+06
1.59534e+06
1.74179e+06
1.36671e+06
2.38143e+06
1.79354e+06
2.23934e+06
2.59402e+06
2.21071e+06
2.29779e+06
1.87075e+06
2.41041e+06
2.4344e+06
1.56609e+06
1.94719e+06
1.80278e+06
1.79095e+06
1.87573e+06
2.05034e+06
1.89946e+06
1.54609e+06
1.41565e+06
2.41096e+06
1.9521e+06
1.91004e+06
2.00071e+06
2.00196e+06
2.12344e+06
2.02258e+06
2.31112e+06
1.98219e+06
1.64957e+06
1.68577e+06
2.06622e+06
1.8e+06
1.07434e+06
1.94589e+06
1.88064e+06
2.10899e+06
2.00074e+06
1.53623e+06
2.29171e+06
1.86935e+06
2.01094e+06
1.84234e+06
1.74317e+06
2.2247e+06
2.0702e+06
2.11286e+06
1.69406e+06
1.82677e+06
1.68492e+06
2.07394e+06
1.77557e+06
1.63463e+06
1.60925e+06
2.19215e+06
