4.99759e+07
4.88212e+07
4.78262e+07
4.81516e+07
4.81584e+07
4.7465e+07
4.83544e+07
4.63562e+07
4.76284e+07
4.82266e+07
4.79883e+07
4.93244e+07
4.51254e+07
4.44214e+07
4.38027e+07
4.74901e+07
4.49655e+07
4.65859e+07
4.73445e+07
4.45988e+07
4.4554e+07
4.70178e+07
4.37876e+07
4.78344e+07
4.34203e+07
4.29528e+07
4.27909e+07
4.34295e+07
4.04798e+07
4.42897e+07
4.45971e+07
4.27424e+07
4.60331e+07
4.12176e+07
4.44173e+07
4.26139e+07
4.16867e+07
4.17307e+07
4.17698e+07
4.10916e+07
4.27763e+07
4.11325e+07
3.99507e+07
3.91612e+07
4.13162e+07
4.20171e+07
3.90226e+07
4.02045e+07
4.28211e+07
3.84855e+07
4.09664e+07
4.02347e+07
4.0942e+07
4.11643e+07
3.64766e+07
3.73527e+07
4.0365e+07
3.78958e+07
4.0057e+07
3.80414e+07
3.67746e+07
3.78986e+07
3.59509e+07
3.90051e+07
4.09205e+07
3.76076e+07
3.68787e+07
3.74914e+07
3.61669e+07
3.65647e+07
3.61165e+07
3.65229e+07
3.77019e+07
3.63177e+07
3.65292e+07
3.62382e+07
3.81806e+07
3.62748e+07
3.63231e+07
3.58543e+07
3.66163e+07
3.4389e+07
3.47165e+07
3.41757e+07
3.46518e+07
3.49852e+07
3.55572e+07
3.4516e+07
3.63064e+07
3.33246e+07
3.42714e+07
3.49313e+07
3.42782e+07
3.6596e+07
3.43836e+07
3.26751e+07
3.4661e+07
3.18819e+07
3.70533e+07
3.63245e+07
3.2697e+07
3.2786e+07
3.27705e+07
3.15687e+07
3.40289e+07
3.34878e+07
3.15779e+07
3.37067e+07
3.17833e+07
3.1406e+07
3.38448e+07
3.21053e+07
3.19426e+07
3.30657e+07
3.28654e+07
3.27356e+07
3.30774e+07
3.15396e+07
3.08626e+07
3.26256e+07
3.17424e+07
3.1496e+07
3.19714e+07
3.1705e+07
3.11663e+07
3.00051e+07
3.06716e+07
2.95649e+07
3.06281e+07
3.08205e+07
3.00724e+07
3.24576e+07
3.01546e+07
2.97921e+07
2.9304e+07
2.96876e+07
3.06942e+07
3.08839e+07
3.09615e+07
2.99166e+07
2.88844e+07
2.95653e+07
3.09136e+07
2.83312e+07
3.02517e+07
2.71506e+07
2.82349e+07
2.85113e+07
2.9214e+07
2.9047e+07
2.95312e+07
3.07109e+07
2.95723e+07
2.92444e+07
2.82081e+07
2.74448e+07
2.89539e+07
2.96572e+07
2.79111e+07
2.89258e+07
2.80052e+07
2.93954e+07
2.8412e+07
2.73393e+07
2.6719e+07
2.74737e+07
2.612e+07
2.72316e+07
2.79341e+07
2.84987e+07
3.02563e+07
2.81608e+07
2.83802e+07
2.65986e+07
2.77681e+07
2.73869e+07
2.766e+07
2.80732e+07
2.70534e+07
2.71077e+07
2.86623e+07
2.69018e+07
2.61458e+07
2.62339e+07
2.78418e+07
2.79509e+07
2.62247e+07
2.70208e+07
2.6572e+07
2.78705e+07
2.71562e+07
2.60362e+07
2.76057e+07
2.52637e+07
2.66726e+07
2.69155e+07
2.65929e+07
2.64998e+07
2.70834e+07
2.61273e+07
2.58099e+07
2.69366e+07
2.77823e+07
2.60036e+07
2.59495e+07
2.73101e+07
2.78901e+07
2.60835e+07
2.61991e+07
2.75766e+07
2.60061e+07
2.51663e+07
2.56909e+07
2.66134e+07
2.6737e+07
2.71625e+07
2.67824e+07
2.61088e+07
2.65092e+07
2.64645e+07
2.6204e+07
2.66342e+07
2.65349e+07
2.50195e+07
2.6671e+07
2.58679e+07
2.55209e+07
2.52759e+07
2.6504e+07
2.67888e+07
2.63731e+07
2.60301e+07
2.68229e+07
2.59775e+07
2.62988e+07
2.63022e+07
2.55749e+07
2.68013e+07
2.54906e+07
2.70393e+07
