3408.96
2445.96
4144.98
3994.97
3673.96
1795.9
2714.93
2228.98
223.454
5191.98
3567.98
2843.97
1648.95
1438.91
3258.97
3313.89
3955.94
3608.98
2830.97
922.807
2806.96
2504.96
4150.98
4449.97
4585.99
3512.97
2466.97
2710.97
3395.98
1357.97
4301.97
3504.98
1627.95
3868.98
3643.97
3730.98
1403.97
3151.98
3661.98
1619.97
2188.98
3690.98
1145.92
916.935
2357.97
909.947
986.956
1235.98
461.949
1152.96
3979.97
2337.97
3976.96
2155.98
4216.99
3822.97
4269.97
3523.97
3108.97
3571.98
2190.98
2504.91
1937.98
2577.96
3047.97
4571.99
3082.97
1446.96
3412.97
2601.98
2434.97
1587.93
3748.99
2864.96
4018.99
2773.96
1740.95
1309.97
3142.98
3760.99
3037.98
3040.98
467.957
1987.97
3233.96
4585
2474.97
728.883
3041.98
1810.91
3799.98
4011.96
1480.93
1401.94
2723.99
2348.98
1038.93
1746.97
2705.96
1605.27
4166.98
1798.98
3676.99
2762.94
2227.96
4102.97
3.49227
391.902
2748.97
2443.96
2813.97
1858.98
1612.97
3154.98
1608.96
1353.95
1534.78
3173.99
2559.97
4582.97
2871.98
2485.98
2179.97
2028.98
3601.98
3285.98
2375.98
1962.97
3788.95
2587.98
997.603
3143.97
3504.99
2415.98
3423.98
1610.81
2916.96
3958.98
2892.98
3313.98
3080.99
3939.99
2239.95
155.869
2959.99
1654.97
1008.94
3666.99
2430.96
4264.97
2082.98
1846.97
2336.98
4773.98
1803.85
2219.97
2068.97
3164.97
3270.97
3815.97
3416.97
3762.97
2951.99
3179.99
2676.98
2314.97
1076.95
3037.98
1646.95
808.93
1674.96
1322.78
1258.97
2052.96
1708.95
3592.98
2673.99
2674.99
2692.97
3647.99
790.975
995.779
4243.97
3977.99
2753.97
2119.96
2185.81
4223.98
1184.96
3392.99
1888.94
3859.97
4483.99
3725.97
1431.98
1294.91
2712.98
3600.98
2831.98
3554.98
2953.97
3510.99
1820.95
3952.97
2896.99
1141.93
2379.97
4063.98
2062.92
2363.94
4213.98
1838.97
2923.99
2438.96
1671.97
3524.98
4611.98
3547.98
2403.95
2341.91
2268.98
1536.98
4173.99
3453.98
2824.99
2758.97
2463.97
3478.97
1018.97
3756.98
3580.97
1948.98
3373.98
1760.88
3597.98
3503.98
2818.99
824.962
651.823
1801.96
